9.931 90.659 10.980
10.181 86.953 13.164
10.431 81.480 12.966
10.681 76.103 15.596
10.931 73.519 13.271
11.181 64.371 15.636
11.431 61.247 15.209
11.681 54.195 14.719
11.931 50.122 15.955
12.181 43.560 15.332
12.431 38.833 15.952
12.681 34.002 14.907
12.931 30.974 14.652
13.181 26.525 13.409
13.431 23.559 11.528
13.681 20.826 11.137
13.931 17.603 8.919
14.181 14.911 7.673
14.431 13.025 6.310
14.681 11.054 5.093
14.931 9.197 4.125
15.181 7.876 3.399
15.431 6.563 2.621
15.681 5.501 2.249
15.931 4.585 1.683
16.181 3.936 1.367
16.431 3.247 1.080
16.681 2.684 0.859
16.931 2.248 0.665
17.181 1.885 0.529
17.431 1.552 0.427
17.681 1.278 0.342
17.931 1.041 0.274
18.181 0.857 0.218
18.431 0.686 0.178
18.681 0.559 0.139
18.931 0.447 0.111
19.181 0.348 0.088
19.431 0.282 0.070
19.681 0.218 0.052
19.931 0.168 0.046
20.181 0.139 0.036
20.431 0.114 0.028
20.681 0.086 0.023
20.931 0.072 0.018
21.181 0.057 0.014
