9.305 84.234 14.376
9.555 81.819 12.295
9.805 74.136 16.472
10.055 66.978 14.108
10.305 62.777 14.573
10.555 56.863 14.955
10.805 52.418 16.552
11.055 44.739 15.668
11.305 41.178 16.286
11.555 36.643 15.275
11.805 30.575 15.286
12.055 28.135 14.647
12.305 23.994 12.954
12.555 21.537 11.803
12.805 18.956 10.346
13.055 16.334 9.286
13.305 14.033 7.406
13.555 11.866 6.651
13.805 10.136 5.057
14.055 8.514 4.057
14.305 7.308 3.371
14.555 6.107 2.778
14.805 5.118 2.152
15.055 4.321 1.759
15.305 3.592 1.339
15.555 3.081 1.083
15.805 2.572 0.861
16.055 2.155 0.688
16.305 1.773 0.534
16.555 1.501 0.442
16.805 1.232 0.356
17.055 1.014 0.283
17.305 0.823 0.226
17.555 0.652 0.183
17.805 0.533 0.146
18.055 0.425 0.119
18.305 0.341 0.095
18.555 0.266 0.075
18.805 0.216 0.056
19.055 0.167 0.049
19.305 0.134 0.040
19.555 0.108 0.027
19.805 0.087 0.021
20.055 0.066 0.019
20.305 0.056 0.014
