11.031 73.219 13.478
11.281 67.191 14.440
11.531 56.962 15.017
11.781 53.417 14.408
12.031 47.507 15.188
12.281 45.039 16.863
12.531 36.078 15.294
12.781 32.940 15.847
13.031 29.633 14.532
13.281 25.333 14.040
13.531 22.391 12.188
13.781 19.823 11.614
14.031 16.870 10.547
14.281 15.127 8.718
14.531 13.060 7.664
14.781 11.330 5.903
15.031 9.593 5.176
15.281 8.156 4.035
15.531 6.907 3.152
15.781 5.920 2.528
16.031 4.940 2.190
16.281 4.160 1.675
16.531 3.481 1.361
16.781 2.933 1.079
17.031 2.460 0.843
17.281 2.084 0.677
17.531 1.720 0.531
17.781 1.426 0.425
18.031 1.191 0.343
18.281 0.993 0.279
18.531 0.797 0.224
18.781 0.634 0.175
19.031 0.507 0.143
19.281 0.414 0.119
19.531 0.330 0.088
19.781 0.263 0.072
20.031 0.205 0.057
20.281 0.167 0.045
20.531 0.129 0.035
20.781 0.101 0.027
21.031 0.081 0.024
21.281 0.066 0.019
21.531 0.049 0.015
21.781 0.042 0.012
22.031 0.032 0.010
22.031 0.032 0.010
22.281 0.032 0.010
22.531 0.032 0.010
22.781 0.032 0.010
23.031 0.032 0.010
23.281 0.032 0.010
23.531 0.032 0.010
23.781 0.032 0.010
24.031 0.032 0.010
24.281 0.032 0.010
24.531 0.032 0.010
24.781 0.032 0.010
25.031 0.032 0.010
25.281 0.032 0.010
25.531 0.032 0.010
25.781 0.032 0.010
26.031 0.032 0.010
26.281 0.032 0.010
26.531 0.032 0.010
26.781 0.032 0.010
27.031 0.032 0.010
27.281 0.032 0.010
27.531 0.032 0.010
27.781 0.032 0.010
28.031 0.032 0.010
28.281 0.032 0.010
28.531 0.032 0.010
28.781 0.032 0.010
29.031 0.032 0.010
29.281 0.032 0.010
29.531 0.032 0.010
29.781 0.032 0.010
30.031 0.032 0.010
30.281 0.032 0.010
30.531 0.032 0.010
30.781 0.032 0.010
31.031 0.032 0.010
31.281 0.032 0.010
31.531 0.032 0.010
31.781 0.032 0.010
32.031 0.032 0.010
32.281 0.032 0.010
32.531 0.032 0.010
32.781 0.032 0.010
33.031 0.032 0.010
33.281 0.032 0.010
33.531 0.032 0.010
33.781 0.032 0.010
34.031 0.032 0.010
34.281 0.032 0.010
34.531 0.032 0.010
34.781 0.032 0.010
35.031 0.032 0.010
35.281 0.032 0.010
35.531 0.032 0.010
35.781 0.032 0.010
36.031 0.032 0.010
36.281 0.032 0.010
36.531 0.032 0.010
36.781 0.032 0.010
37.031 0.032 0.010
37.281 0.032 0.010
37.531 0.032 0.010
37.781 0.032 0.010
38.031 0.032 0.010
38.281 0.032 0.010
38.531 0.032 0.010
38.781 0.032 0.010
39.031 0.032 0.010
39.281 0.032 0.010
39.531 0.032 0.010
39.781 0.032 0.010
