13.251 99.832 0.568
13.501 99.816 0.698
13.751 99.809 0.861
14.001 99.732 1.293
14.251 99.728 0.685
14.501 99.650 2.730
14.751 99.635 1.062
15.001 99.479 4.373
15.251 99.409 2.305
15.501 99.187 1.236
15.751 99.119 3.246
16.001 98.844 3.783
16.251 98.593 2.965
16.501 98.063 4.507
16.751 97.770 5.848
17.001 97.150 4.428
17.251 96.376 4.733
17.501 95.487 4.962
17.751 94.451 5.525
18.001 92.832 5.660
18.251 91.448 6.217
18.501 88.992 7.269
18.751 86.701 7.024
19.001 83.968 8.328
19.251 80.927 8.943
19.501 77.402 9.392
19.751 72.154 10.449
20.001 67.890 10.822
20.251 63.060 11.205
20.501 57.471 11.570
20.751 51.566 11.477
21.001 45.870 11.136
21.251 40.899 10.678
21.501 36.389 9.522
21.751 31.880 8.951
22.001 27.423 7.697
22.251 23.665 7.024
22.501 19.900 6.436
22.751 16.628 5.274
23.001 14.768 4.568
23.251 12.222 3.683
23.501 9.861 3.558
23.751 8.603 2.730
24.001 6.689 2.426
24.251 6.002 1.819
24.501 6.002 1.819
24.751 6.002 1.819
25.001 6.002 1.819
25.251 6.002 1.819
25.501 6.002 1.819
25.751 6.002 1.819
26.001 6.002 1.819
26.251 6.002 1.819
26.501 6.002 1.819
26.751 6.002 1.819
27.001 6.002 1.819
27.251 6.002 1.819
27.501 6.002 1.819
27.751 6.002 1.819
28.001 6.002 1.819
28.251 6.002 1.819
28.501 6.002 1.819
28.751 6.002 1.819
29.001 6.002 1.819
29.251 6.002 1.819
29.501 6.002 1.819
29.751 6.002 1.819
30.001 6.002 1.819
30.251 6.002 1.819
30.501 6.002 1.819
30.751 6.002 1.819
31.001 6.002 1.819
31.251 6.002 1.819
31.501 6.002 1.819
31.751 6.002 1.819
32.001 6.002 1.819
32.251 6.002 1.819
32.501 6.002 1.819
32.751 6.002 1.819
33.001 6.002 1.819
33.251 6.002 1.819
33.501 6.002 1.819
33.751 6.002 1.819
34.001 6.002 1.819
34.251 6.002 1.819
34.501 6.002 1.819
34.751 6.002 1.819
35.001 6.002 1.819
35.251 6.002 1.819
35.501 6.002 1.819
35.751 6.002 1.819
36.001 6.002 1.819
36.251 6.002 1.819
36.501 6.002 1.819
36.751 6.002 1.819
37.001 6.002 1.819
37.251 6.002 1.819
37.501 6.002 1.819
37.751 6.002 1.819
38.001 6.002 1.819
38.251 6.002 1.819
38.501 6.002 1.819
38.751 6.002 1.819
39.001 6.002 1.819
39.251 6.002 1.819
39.501 6.002 1.819
39.751 6.002 1.819
