13.072 99.748 0.599
13.322 99.733 0.947
13.572 99.686 0.824
13.822 99.598 0.855
14.072 99.531 1.150
14.322 99.412 2.293
14.572 99.259 2.367
14.822 99.064 2.489
15.072 98.787 1.833
15.322 98.656 2.069
15.572 98.137 3.315
15.822 97.830 4.090
16.072 97.253 3.914
16.322 96.484 4.879
16.572 95.575 4.834
16.822 94.518 5.342
17.072 93.256 5.285
17.322 91.698 5.801
17.572 89.460 7.008
17.822 87.590 7.443
18.072 84.660 8.643
18.322 81.781 9.740
18.572 78.645 10.542
18.822 74.470 11.650
19.072 70.003 12.278
19.322 65.690 12.906
19.572 61.156 13.528
19.822 55.497 13.942
20.072 50.293 13.745
20.322 45.689 14.476
20.572 40.311 13.518
20.822 35.659 12.502
21.072 31.610 11.797
21.322 27.486 10.966
21.572 24.480 9.932
21.822 20.827 9.367
22.072 18.676 7.700
22.322 15.858 6.981
22.572 12.864 6.225
22.822 11.559 5.610
23.072 9.186 4.171
23.322 7.963 3.877
23.572 6.882 2.746
23.822 5.447 2.524
