12.334 99.533 0.549
12.584 99.359 0.863
12.834 99.294 0.698
13.084 99.058 1.602
13.334 98.961 1.226
13.584 98.650 2.377
13.834 98.233 2.451
14.084 97.824 4.070
14.334 97.370 4.525
14.584 96.652 2.543
14.834 96.074 3.711
15.084 94.885 4.922
15.334 93.924 6.254
15.584 92.573 5.051
15.834 90.711 5.934
16.084 88.045 7.130
16.334 86.104 8.002
16.584 82.897 8.360
16.834 79.829 8.682
17.084 76.791 8.741
17.334 72.790 9.483
17.584 68.629 9.966
17.834 63.809 10.949
18.084 59.277 11.081
18.334 54.342 10.989
18.584 49.631 10.952
18.834 45.152 10.414
19.084 40.583 10.385
19.334 36.908 10.181
19.584 32.495 9.388
19.834 29.159 8.396
20.084 25.654 7.912
20.334 22.479 7.079
20.584 19.890 6.162
20.834 17.433 5.758
21.084 15.139 5.116
21.334 13.237 4.592
21.584 11.978 4.106
21.834 9.950 3.514
22.084 8.507 3.106
22.334 7.434 2.519
22.584 5.919 2.499
22.834 5.183 1.887
23.084 4.064 1.710
23.334 3.207 1.462
23.584 2.800 1.262
23.834 2.332 0.971
23.834 2.332 0.971
24.084 2.332 0.971
24.334 2.332 0.971
24.584 2.332 0.971
24.834 2.332 0.971
25.084 2.332 0.971
25.334 2.332 0.971
25.584 2.332 0.971
25.834 2.332 0.971
26.084 2.332 0.971
26.334 2.332 0.971
26.584 2.332 0.971
26.834 2.332 0.971
27.084 2.332 0.971
27.334 2.332 0.971
27.584 2.332 0.971
27.834 2.332 0.971
28.084 2.332 0.971
28.334 2.332 0.971
28.584 2.332 0.971
28.834 2.332 0.971
29.084 2.332 0.971
29.334 2.332 0.971
29.584 2.332 0.971
29.834 2.332 0.971
30.084 2.332 0.971
30.334 2.332 0.971
30.584 2.332 0.971
30.834 2.332 0.971
31.084 2.332 0.971
31.334 2.332 0.971
31.584 2.332 0.971
31.834 2.332 0.971
32.084 2.332 0.971
32.334 2.332 0.971
32.584 2.332 0.971
32.834 2.332 0.971
33.084 2.332 0.971
33.334 2.332 0.971
33.584 2.332 0.971
33.834 2.332 0.971
34.084 2.332 0.971
34.334 2.332 0.971
34.584 2.332 0.971
34.834 2.332 0.971
35.084 2.332 0.971
35.334 2.332 0.971
35.584 2.332 0.971
35.834 2.332 0.971
36.084 2.332 0.971
36.334 2.332 0.971
36.584 2.332 0.971
36.834 2.332 0.971
37.084 2.332 0.971
37.334 2.332 0.971
37.584 2.332 0.971
37.834 2.332 0.971
38.084 2.332 0.971
38.334 2.332 0.971
38.584 2.332 0.971
38.834 2.332 0.971
39.084 2.332 0.971
39.334 2.332 0.971
39.584 2.332 0.971
39.834 2.332 0.971
