14.989 74.947 25.992
15.239 72.787 25.517
15.489 64.809 20.858
15.739 60.281 24.762
15.989 59.783 24.616
16.239 53.931 23.721
16.489 51.201 25.293
16.739 48.617 23.913
16.989 41.855 22.479
17.239 38.082 25.026
17.489 33.523 24.169
17.739 32.007 23.707
17.989 27.541 21.460
18.239 25.309 21.325
18.489 21.742 20.010
18.739 19.777 19.502
18.989 18.296 18.619
19.239 16.287 16.857
19.489 14.283 16.881
19.739 12.154 14.179
19.989 10.719 13.719
20.239 9.409 13.610
20.489 8.310 12.366
20.739 7.064 11.510
20.989 6.177 10.300
21.239 5.504 9.415
21.489 4.676 9.046
21.739 4.345 9.370
21.989 3.712 7.394
22.239 3.127 7.326
22.489 3.008 6.281
22.739 2.791 6.503
22.989 2.640 6.511
23.239 2.749 6.085
23.489 2.180 4.872
23.739 1.858 4.033
23.989 1.713 3.295
24.239 1.362 3.000
24.489 1.208 2.788
24.739 0.955 2.097
24.989 0.789 1.750
25.239 0.619 1.632
25.489 0.494 1.581
25.739 0.412 1.017
25.989 0.329 0.752
