15.469 40.672 23.167
15.719 41.155 22.586
15.969 34.867 21.400
16.219 30.173 17.972
16.469 31.630 20.104
16.719 26.639 21.007
16.969 25.449 19.550
17.219 22.447 20.012
17.469 19.182 16.206
17.719 18.145 17.103
17.969 15.546 16.862
18.219 13.935 14.794
18.469 12.361 13.870
18.719 11.043 13.750
18.969 10.049 10.324
19.219 9.068 10.963
19.469 8.157 9.765
19.719 7.200 8.974
19.969 6.369 8.687
20.219 5.711 8.106
20.469 5.156 7.226
20.719 4.563 6.859
20.969 4.026 5.997
21.219 3.612 5.819
21.469 3.309 4.988
21.719 3.012 5.138
21.969 2.648 3.743
22.219 2.480 4.772
22.469 2.228 4.177
22.719 2.011 4.311
22.969 1.870 3.334
23.219 1.755 3.917
23.469 1.566 3.200
23.719 1.434 2.626
23.969 1.558 3.045
24.219 1.468 2.786
24.469 1.334 2.706
24.719 1.250 2.450
24.969 1.042 1.919
25.219 0.857 1.944
25.469 0.702 1.373
25.719 0.570 1.324
25.969 0.499 1.242
26.219 0.396 0.996
26.469 0.387 0.670
26.719 0.387 0.670
26.969 0.387 0.670
27.219 0.387 0.670
27.469 0.387 0.670
27.719 0.387 0.670
27.969 0.387 0.670
28.219 0.387 0.670
28.469 0.387 0.670
28.719 0.387 0.670
28.969 0.387 0.670
29.219 0.387 0.670
29.469 0.387 0.670
29.719 0.387 0.670
29.969 0.387 0.670
30.219 0.387 0.670
30.469 0.387 0.670
30.719 0.387 0.670
30.969 0.387 0.670
31.219 0.387 0.670
31.469 0.387 0.670
31.719 0.387 0.670
31.969 0.387 0.670
32.219 0.387 0.670
32.469 0.387 0.670
32.719 0.387 0.670
32.969 0.387 0.670
33.219 0.387 0.670
33.469 0.387 0.670
33.719 0.387 0.670
33.969 0.387 0.670
34.219 0.387 0.670
34.469 0.387 0.670
34.719 0.387 0.670
34.969 0.387 0.670
35.219 0.387 0.670
35.469 0.387 0.670
35.719 0.387 0.670
35.969 0.387 0.670
36.219 0.387 0.670
36.469 0.387 0.670
36.719 0.387 0.670
36.969 0.387 0.670
37.219 0.387 0.670
37.469 0.387 0.670
37.719 0.387 0.670
37.969 0.387 0.670
38.219 0.387 0.670
38.469 0.387 0.670
38.719 0.387 0.670
38.969 0.387 0.670
39.219 0.387 0.670
39.469 0.387 0.670
39.719 0.387 0.670
39.969 0.387 0.670
