21.522 100.000
21.772 99.972
22.022 85.932
22.272 70.884
22.522 59.555
22.772 46.436
23.022 38.181
23.272 31.417
23.522 24.924
23.772 20.291
24.022 16.108
24.272 12.812
24.522 10.341
24.772 8.416
25.022 6.697
25.272 5.495
25.522 4.477
25.772 3.609
26.022 3.003
26.272 2.556
26.522 2.230
26.772 1.951
27.022 1.738
27.272 1.650
27.522 1.561
27.772 1.439
28.022 1.388
28.272 1.317
28.522 1.355
28.772 1.282
29.022 1.247
29.272 1.310
29.522 1.291
29.772 1.212
30.022 1.216
30.272 1.247
30.522 1.219
30.772 1.174
31.022 1.000
