11.820 99.879
12.070 99.899
12.320 99.907
12.570 99.900
12.820 99.885
13.070 99.842
13.320 99.838
13.570 99.789
13.820 99.769
14.070 99.632
14.320 99.605
14.570 99.466
14.820 99.307
15.070 99.182
15.320 98.953
15.570 98.648
15.820 98.214
16.070 97.730
16.320 97.044
16.570 95.989
16.820 94.769
17.070 93.436
17.320 91.823
17.570 89.438
17.820 86.675
18.070 83.447
18.320 77.975
18.570 73.437
18.820 68.747
19.070 62.687
19.320 55.530
19.570 49.597
19.820 43.374
20.070 37.172
20.320 30.707
20.570 25.575
20.820 21.024
21.070 17.415
21.320 14.319
21.570 12.061
21.820 10.237
22.070 8.940
22.320 7.516
22.570 6.129
22.820 5.242
23.070 4.453
