11.263 99.727 5.726
11.513 99.680 10.813
11.763 99.580 5.845
12.013 99.503 1.972
12.263 99.270 0.883
12.513 99.157 4.857
12.763 98.863 2.382
13.013 98.568 2.989
13.263 98.076 3.613
13.513 97.571 4.144
13.763 96.874 6.515
14.013 96.041 5.658
14.263 95.222 6.864
14.513 94.161 6.392
14.763 92.941 7.414
15.013 90.454 8.853
15.263 88.300 9.828
15.513 85.486 10.643
15.763 81.173 12.311
16.013 76.593 13.454
16.263 72.456 14.586
16.513 67.727 15.647
16.763 61.624 16.726
17.013 56.581 17.759
17.263 51.683 18.035
17.513 45.633 18.041
17.763 39.722 17.049
18.013 35.331 16.420
18.263 29.848 15.183
18.513 25.203 13.135
18.763 21.706 11.239
19.013 18.595 9.790
19.263 15.706 8.187
19.513 13.191 6.659
19.763 10.977 5.524
20.013 9.141 4.540
20.263 7.429 3.673
20.513 6.222 2.860
20.763 5.246 2.327
21.013 4.361 1.888
21.263 3.556 1.578
21.513 3.032 1.266
21.763 2.438 1.009
22.013 2.017 0.825
22.263 1.594 0.655
22.513 1.330 0.579
22.763 1.053 0.429
23.013 0.757 0.320
23.263 0.698 0.283
23.513 0.554 0.211
23.763 0.440 0.176
