11.612 99.877 2.717
11.862 99.864 0.902
12.112 99.852 1.539
12.362 99.819 1.540
12.612 99.752 3.570
12.862 99.719 4.133
13.112 99.616 2.265
13.362 99.567 3.184
13.612 99.336 3.750
13.862 99.145 4.913
14.112 98.973 4.494
14.362 98.729 5.146
14.612 98.404 4.817
14.862 98.056 4.115
15.112 97.520 4.295
15.362 96.639 4.971
15.612 95.647 5.545
15.862 94.434 6.985
16.112 92.688 7.643
16.362 90.711 8.328
16.612 88.627 9.499
16.862 85.315 10.439
17.112 81.808 12.534
17.362 77.764 13.487
17.612 72.624 14.477
17.862 66.478 15.697
18.112 61.385 16.009
18.362 55.805 16.435
18.612 48.935 16.275
18.862 42.851 15.714
19.112 36.471 14.545
19.362 31.682 13.147
19.612 26.741 11.701
19.862 22.213 9.799
20.112 18.911 8.277
20.362 15.593 6.863
20.612 12.504 5.408
20.862 10.476 4.477
21.112 8.970 3.654
21.362 7.519 2.889
21.612 6.354 2.387
21.862 5.359 1.951
22.112 4.367 1.552
22.362 3.403 1.284
22.612 2.859 0.968
22.862 2.288 0.845
23.112 1.847 0.694
23.362 1.341 0.543
23.612 1.070 0.459
