12.663 99.845 10.561
12.913 99.831 10.150
13.163 99.792 13.534
13.413 99.749 10.787
13.663 99.674 6.394
13.913 99.629 11.011
14.163 99.534 8.359
14.413 99.430 5.807
14.663 99.260 7.334
14.913 99.017 7.036
15.163 98.808 6.131
15.413 98.435 8.927
15.663 98.079 10.674
15.913 97.596 7.802
16.163 96.806 6.474
16.413 96.069 8.071
16.663 94.848 7.897
16.913 93.448 8.098
17.163 91.540 8.945
17.413 88.788 10.593
17.663 86.496 10.830
17.913 83.227 11.589
18.163 79.256 12.281
18.413 74.536 13.884
18.663 69.469 14.872
18.913 63.396 14.987
19.163 57.121 15.012
19.413 51.760 15.269
19.663 46.209 15.001
19.913 40.558 14.183
20.163 35.614 12.981
20.413 31.197 11.258
20.663 26.190 9.735
20.913 20.342 8.100
21.163 15.897 6.972
21.413 13.497 5.610
21.663 11.341 4.412
21.913 9.747 3.540
22.163 8.156 2.868
22.413 6.725 2.340
22.663 5.399 2.058
22.913 4.297 1.839
23.163 3.507 1.399
23.413 2.758 1.164
23.663 2.202 0.978
23.913 1.939 0.935
24.163 1.392 0.613
24.413 1.164 0.450
24.663 0.897 0.337
24.663 0.897 0.337
24.913 0.897 0.337
25.163 0.897 0.337
25.413 0.897 0.337
25.663 0.897 0.337
25.913 0.897 0.337
26.163 0.897 0.337
26.413 0.897 0.337
26.663 0.897 0.337
26.913 0.897 0.337
27.163 0.897 0.337
27.413 0.897 0.337
27.663 0.897 0.337
27.913 0.897 0.337
28.163 0.897 0.337
28.413 0.897 0.337
28.663 0.897 0.337
28.913 0.897 0.337
29.163 0.897 0.337
29.413 0.897 0.337
29.663 0.897 0.337
29.913 0.897 0.337
30.163 0.897 0.337
30.413 0.897 0.337
30.663 0.897 0.337
30.913 0.897 0.337
31.163 0.897 0.337
31.413 0.897 0.337
31.663 0.897 0.337
31.913 0.897 0.337
32.163 0.897 0.337
32.413 0.897 0.337
32.663 0.897 0.337
32.913 0.897 0.337
33.163 0.897 0.337
33.413 0.897 0.337
33.663 0.897 0.337
33.913 0.897 0.337
34.163 0.897 0.337
34.413 0.897 0.337
34.663 0.897 0.337
34.913 0.897 0.337
35.163 0.897 0.337
35.413 0.897 0.337
35.663 0.897 0.337
35.913 0.897 0.337
36.163 0.897 0.337
36.413 0.897 0.337
36.663 0.897 0.337
36.913 0.897 0.337
37.163 0.897 0.337
37.413 0.897 0.337
37.663 0.897 0.337
37.913 0.897 0.337
38.163 0.897 0.337
38.413 0.897 0.337
38.663 0.897 0.337
38.913 0.897 0.337
39.163 0.897 0.337
39.413 0.897 0.337
39.663 0.897 0.337
39.913 0.897 0.337
