11.855 99.912
12.105 99.920
12.355 99.930
12.605 99.912
12.855 99.899
13.105 99.883
13.355 99.865
13.605 99.837
13.855 99.764
14.105 99.715
14.355 99.613
14.605 99.553
14.855 99.418
15.105 99.282
15.355 99.053
15.605 98.713
15.855 98.428
16.105 97.910
16.355 97.267
16.605 96.504
16.855 95.490
17.105 94.066
17.355 92.425
17.605 90.404
17.855 87.643
18.105 84.219
18.355 80.077
18.605 75.774
18.855 68.488
19.105 62.215
19.355 55.626
19.605 49.517
19.855 42.040
20.105 36.239
20.355 29.477
20.605 25.283
20.855 20.580
21.105 17.375
21.355 14.967
21.605 12.515
21.855 10.774
22.105 8.998
22.355 7.360
22.605 5.854
22.855 4.657
23.105 4.291
