12.686 98.501
12.936 98.196
13.186 97.761
13.436 97.274
13.686 96.515
13.936 95.836
14.186 94.675
14.436 93.465
14.686 92.165
14.936 90.360
15.186 88.030
15.436 85.783
15.686 82.974
15.936 79.750
16.186 76.063
16.436 71.922
16.686 67.739
16.936 63.230
17.186 58.494
17.436 54.000
17.686 49.253
17.936 44.990
18.186 40.371
18.436 36.366
18.686 32.477
18.936 29.044
19.186 25.714
19.436 22.312
19.686 19.696
19.936 17.135
20.186 14.877
20.436 12.506
20.686 10.532
20.936 9.000
21.186 7.666
21.436 6.482
21.686 5.536
21.936 4.673
22.186 3.998
22.436 3.624
