14.912 77.320 15.453
15.162 71.629 13.848
15.412 65.329 13.238
15.662 60.832 13.252
15.912 58.269 13.030
16.162 51.529 12.482
16.412 49.311 11.165
16.662 43.809 11.873
16.912 40.436 11.129
17.162 34.596 10.656
17.412 32.997 10.624
17.662 28.516 9.688
17.912 25.579 8.796
18.162 22.707 7.837
18.412 19.728 7.205
18.662 17.355 6.623
18.912 15.513 5.961
19.162 13.468 5.399
19.412 11.578 4.692
19.662 10.069 4.007
19.912 8.764 3.599
20.162 7.476 3.021
20.412 6.512 2.474
20.662 5.575 2.156
20.912 4.735 1.803
21.162 4.075 1.536
21.412 3.459 1.234
21.662 2.861 1.001
21.912 2.360 0.858
22.162 1.891 0.680
22.412 1.583 0.557
22.662 1.290 0.466
22.912 1.074 0.392
23.162 0.836 0.328
23.412 0.651 0.269
23.662 0.512 0.197
23.912 0.407 0.163
24.162 0.330 0.125
24.412 0.255 0.102
24.662 0.193 0.092
24.912 0.157 0.054
