13.207 97.632 1.484
13.457 97.033 10.230
13.707 96.357 2.099
13.957 95.675 6.857
14.207 94.666 2.941
14.457 93.292 4.338
14.707 91.816 3.710
14.957 90.311 3.834
15.207 88.041 4.705
15.457 85.531 6.007
15.707 82.579 4.951
15.957 79.422 5.589
16.207 75.844 6.690
16.457 72.277 5.000
16.707 67.648 6.260
16.957 63.340 4.986
17.207 58.790 5.715
17.457 54.187 4.570
17.707 49.838 4.965
17.957 45.221 4.290
18.207 41.071 4.247
18.457 37.011 3.888
18.707 33.468 3.564
18.957 29.629 3.519
19.207 26.293 3.314
19.457 23.664 3.004
19.707 20.797 2.987
19.957 18.352 2.736
20.207 16.003 2.564
20.457 13.924 2.366
20.707 12.040 2.202
20.957 10.225 1.915
21.207 8.647 1.810
21.457 7.291 1.551
21.707 6.184 1.358
21.957 5.251 1.114
22.207 4.470 1.050
22.457 3.832 0.890
22.707 3.064 0.742
22.957 2.461 0.632
23.207 2.042 0.575
23.457 1.647 0.419
23.707 1.375 0.417
23.957 1.120 0.343
24.207 0.847 0.228
