12.248 98.684 1.478
12.498 98.711 1.346
12.748 98.396 1.012
12.998 97.978 1.136
13.248 97.399 1.730
13.498 96.954 3.671
13.748 95.984 3.370
13.998 95.021 3.810
14.248 93.957 2.651
14.498 92.578 4.805
14.748 90.758 3.373
14.998 88.724 4.444
15.248 86.643 6.300
15.498 83.640 5.318
15.748 80.570 4.610
15.998 77.055 5.819
16.248 72.841 5.690
16.498 68.590 6.137
16.748 64.140 5.871
16.998 59.278 5.986
17.248 54.336 6.462
17.498 49.393 6.067
17.748 44.929 5.747
17.998 40.019 5.520
18.248 35.670 5.437
18.498 32.198 5.309
18.748 27.967 4.943
18.998 24.259 4.810
19.248 21.123 4.398
19.498 18.292 3.900
19.748 15.735 3.639
19.998 13.400 3.286
20.248 11.035 2.896
20.498 9.195 2.480
20.748 7.840 2.115
20.998 6.534 1.858
21.248 5.529 1.543
21.498 4.758 1.341
21.748 3.878 1.105
21.998 3.156 0.955
22.248 2.580 0.834
22.498 2.016 0.687
22.748 1.741 0.517
22.998 1.420 0.430
