12.201 97.429 2.429
12.451 96.646 2.716
12.701 95.998 2.615
12.951 94.928 3.921
13.201 93.551 5.297
13.451 91.997 5.345
13.701 88.939 7.917
13.951 87.105 8.206
14.201 83.532 8.949
14.451 79.610 9.976
14.701 77.635 10.484
14.951 74.043 11.836
15.201 68.713 12.269
15.451 63.934 13.152
15.701 58.335 13.424
15.951 52.877 13.291
16.201 46.747 13.173
16.451 42.810 13.268
16.701 36.996 12.538
16.951 32.857 11.806
17.201 28.837 10.552
17.451 24.998 10.073
17.701 21.278 8.573
17.951 18.630 7.598
18.201 16.272 6.743
18.451 13.557 5.779
18.701 11.519 4.726
18.951 9.592 4.017
19.201 8.052 3.377
19.451 6.691 2.790
19.701 5.669 2.299
19.951 4.757 1.865
20.201 3.927 1.568
20.451 3.292 1.231
20.701 2.659 1.014
20.951 2.150 0.854
21.201 1.834 0.682
21.451 1.453 0.539
21.701 1.139 0.465
21.951 0.964 0.382
22.201 0.788 0.283
22.451 0.553 0.267
22.701 0.505 0.187
22.951 0.398 0.152
22.951 0.398 0.152
23.201 0.398 0.152
23.451 0.398 0.152
23.701 0.398 0.152
23.951 0.398 0.152
24.201 0.398 0.152
24.451 0.398 0.152
24.701 0.398 0.152
24.951 0.398 0.152
25.201 0.398 0.152
25.451 0.398 0.152
25.701 0.398 0.152
25.951 0.398 0.152
26.201 0.398 0.152
26.451 0.398 0.152
26.701 0.398 0.152
26.951 0.398 0.152
27.201 0.398 0.152
27.451 0.398 0.152
27.701 0.398 0.152
27.951 0.398 0.152
28.201 0.398 0.152
28.451 0.398 0.152
28.701 0.398 0.152
28.951 0.398 0.152
29.201 0.398 0.152
29.451 0.398 0.152
29.701 0.398 0.152
29.951 0.398 0.152
30.201 0.398 0.152
30.451 0.398 0.152
30.701 0.398 0.152
30.951 0.398 0.152
31.201 0.398 0.152
31.451 0.398 0.152
31.701 0.398 0.152
31.951 0.398 0.152
32.201 0.398 0.152
32.451 0.398 0.152
32.701 0.398 0.152
32.951 0.398 0.152
33.201 0.398 0.152
33.451 0.398 0.152
33.701 0.398 0.152
33.951 0.398 0.152
34.201 0.398 0.152
34.451 0.398 0.152
34.701 0.398 0.152
34.951 0.398 0.152
35.201 0.398 0.152
35.451 0.398 0.152
35.701 0.398 0.152
35.951 0.398 0.152
36.201 0.398 0.152
36.451 0.398 0.152
36.701 0.398 0.152
36.951 0.398 0.152
37.201 0.398 0.152
37.451 0.398 0.152
37.701 0.398 0.152
37.951 0.398 0.152
38.201 0.398 0.152
38.451 0.398 0.152
38.701 0.398 0.152
38.951 0.398 0.152
39.201 0.398 0.152
39.451 0.398 0.152
39.701 0.398 0.152
39.951 0.398 0.152
