8.634 72.888 28.639
8.884 79.647 25.971
9.134 69.999 26.424
9.384 79.848 27.823
9.634 80.552 25.614
9.884 79.813 21.478
10.134 76.819 21.615
10.384 74.658 19.827
10.634 70.117 20.242
10.884 66.989 16.906
11.134 62.458 17.507
11.384 58.694 14.423
11.634 54.306 14.301
11.884 49.463 12.668
12.134 44.843 11.641
12.384 40.831 10.990
12.634 36.549 10.176
12.884 32.285 8.699
13.134 28.513 8.269
13.384 25.246 7.333
13.634 22.041 6.524
13.884 19.378 5.193
14.134 16.559 5.097
14.384 14.229 4.161
14.634 12.068 3.670
14.884 10.397 3.074
15.134 8.813 2.764
15.384 7.367 2.571
15.634 6.262 2.185
15.884 5.170 1.679
16.134 4.308 1.288
16.384 3.581 1.206
16.634 2.926 0.801
16.884 2.372 0.669
17.134 1.937 0.674
17.384 1.592 0.447
17.634 1.295 0.421
17.884 1.056 0.292
18.134 0.854 0.226
18.384 0.686 0.188
18.634 0.539 0.158
18.884 0.429 0.126
19.134 0.337 0.101
19.384 0.285 0.084
19.634 0.218 0.143
19.884 0.183 0.048
20.134 0.133 0.034
