5.781 37.412 33.759
6.031 43.722 34.391
6.281 48.181 32.517
6.531 69.017 30.374
6.781 51.271 30.287
7.031 75.419 29.893
7.281 70.422 26.499
7.531 68.467 24.084
7.781 65.449 21.673
8.031 58.087 20.690
8.281 52.423 18.578
8.531 48.691 17.466
8.781 44.922 16.666
9.031 39.532 15.480
9.281 34.403 13.488
9.531 30.195 12.685
9.781 26.012 11.856
10.031 22.313 9.630
10.281 19.354 9.004
10.531 16.593 7.709
10.781 13.689 7.195
11.031 11.605 5.182
11.281 9.719 4.228
11.531 8.044 3.421
11.781 6.776 3.237
12.031 5.601 2.309
12.281 4.719 2.047
12.531 3.982 1.710
12.781 3.286 1.244
13.031 2.725 1.426
13.281 2.279 0.827
13.531 1.890 0.694
13.781 1.573 0.575
14.031 1.272 0.515
14.281 1.057 0.411
14.531 0.853 0.409
14.781 0.703 0.265
15.031 0.555 0.249
15.281 0.459 0.230
15.531 0.359 0.165
15.781 0.285 0.115
16.031 0.230 0.089
16.281 0.178 0.068
16.531 0.146 0.061
16.781 0.112 0.060
17.031 0.092 0.036
17.281 0.073 0.040
17.531 0.055 0.024
