4.127 17.342 16.659
4.377 18.044 15.441
4.627 19.325 11.651
4.877 17.634 11.598
5.127 18.520 9.291
5.377 19.766 9.586
5.627 17.673 7.358
5.877 17.071 10.076
6.127 14.806 6.961
6.377 13.114 5.558
6.627 11.193 5.967
6.877 10.570 4.458
7.127 9.213 4.817
7.377 7.961 4.097
7.627 7.003 2.656
7.877 6.047 2.519
8.127 5.210 4.058
8.377 4.510 1.824
8.627 3.934 1.488
8.877 3.328 2.011
9.127 2.841 1.537
9.377 2.440 1.019
9.627 2.065 0.983
9.877 1.762 0.895
10.127 1.519 0.783
10.377 1.278 0.541
10.627 1.084 0.340
10.877 0.894 0.354
11.127 0.744 0.319
11.377 0.604 0.265
11.627 0.492 0.348
11.877 0.399 0.160
12.127 0.317 0.247
12.377 0.258 0.103
12.627 0.196 0.101
12.877 0.160 0.068
13.127 0.122 0.076
13.377 0.097 0.039
13.627 0.085 0.056
13.877 0.061 0.025
14.127 0.050 0.017
14.377 0.041 0.013
14.627 0.032 0.011
14.877 0.026 0.010
