8.806 82.367
9.056 74.791
9.306 88.897
9.556 88.735
9.806 91.171
10.056 90.463
10.306 89.502
10.556 87.817
10.806 85.666
11.056 84.020
11.306 81.134
11.556 78.214
11.806 75.065
12.056 70.892
12.306 66.434
12.556 62.254
12.806 57.292
13.056 52.131
13.306 47.604
13.556 42.909
13.806 38.248
14.056 33.831
14.306 30.462
14.556 26.384
14.806 22.960
15.056 19.823
15.306 17.347
15.556 14.741
15.806 12.425
16.056 10.636
16.306 8.888
16.556 7.615
16.806 6.372
17.056 5.240
17.306 4.385
17.556 3.857
17.806 3.457
